20.166666666666668 3.0 279.0 
23.142857142857142 4.0 216.0 
23.125 4.0 223.0 
24.142857142857142 4.0 213.0 
21.166666666666668 3.0 276.0 
23.142857142857142 4.0 216.0 
20.166666666666668 3.0 279.0 
24.142857142857142 4.0 213.0 
21.166666666666668 3.0 276.0 
24.142857142857142 4.0 213.0 
21.166666666666668 3.0 276.0 
23.142857142857142 4.0 216.0 
20.166666666666668 3.0 279.0 
23.142857142857142 4.0 216.0 
21.166666666666668 3.0 276.0 
20.166666666666668 3.0 279.0 
24.142857142857142 4.0 213.0 
20.166666666666668 3.0 279.0 
24.142857142857142 4.0 213.0 
21.166666666666668 3.0 276.0 
23.142857142857142 4.0 216.0 
23.142857142857142 4.0 216.0 
21.166666666666668 3.0 276.0 
20.166666666666668 3.0 279.0 
24.142857142857142 4.0 213.0 
20.166666666666668 3.0 279.0 
21.166666666666668 3.0 276.0 
23.142857142857142 4.0 216.0 
24.142857142857142 4.0 213.0 
24.142857142857142 4.0 213.0 
23.142857142857142 4.0 216.0 
21.166666666666668 3.0 276.0 
20.166666666666668 3.0 279.0 
20.166666666666668 3.0 279.0 
23.142857142857142 4.0 216.0 
24.142857142857142 4.0 213.0 
21.166666666666668 3.0 276.0 
21.166666666666668 3.0 276.0 
23.142857142857142 4.0 216.0 
20.166666666666668 3.0 279.0 
24.142857142857142 4.0 213.0 
23.142857142857142 4.0 216.0 
21.166666666666668 3.0 276.0 
24.142857142857142 4.0 213.0 
20.166666666666668 3.0 279.0 
24.142857142857142 4.0 213.0 
23.142857142857142 4.0 216.0 
21.166666666666668 3.0 276.0 
20.166666666666668 3.0 279.0 
24.142857142857142 4.0 213.0 
21.166666666666668 3.0 276.0 
20.166666666666668 3.0 279.0 
23.142857142857142 4.0 216.0 
21.166666666666668 3.0 276.0 
24.142857142857142 4.0 213.0 
23.142857142857142 4.0 216.0 
20.166666666666668 3.0 279.0 
24.142857142857142 4.0 213.0 
21.166666666666668 3.0 276.0 
20.166666666666668 3.0 279.0 
23.142857142857142 4.0 216.0 
23.142857142857142 4.0 216.0 
21.166666666666668 3.0 276.0 
20.166666666666668 3.0 279.0 
24.142857142857142 4.0 213.0 
21.166666666666668 3.0 276.0 
20.166666666666668 3.0 279.0 
23.142857142857142 4.0 216.0 
24.142857142857142 4.0 213.0 
24.142857142857142 4.0 213.0 
21.166666666666668 3.0 276.0 
23.142857142857142 4.0 216.0 
20.166666666666668 3.0 279.0 
23.142857142857142 4.0 216.0 
24.142857142857142 4.0 213.0 
20.166666666666668 3.0 279.0 
21.166666666666668 3.0 276.0 
21.166666666666668 3.0 276.0 
23.142857142857142 4.0 216.0 
24.142857142857142 4.0 213.0 
20.166666666666668 3.0 279.0 
21.166666666666668 3.0 276.0 
20.166666666666668 3.0 279.0 
24.142857142857142 4.0 213.0 
23.142857142857142 4.0 216.0 
20.166666666666668 3.0 279.0 
21.166666666666668 3.0 276.0 
24.142857142857142 4.0 213.0 
23.142857142857142 4.0 216.0 
21.166666666666668 3.0 276.0 
20.166666666666668 3.0 279.0 
23.142857142857142 4.0 216.0 
22.166666666666668 3.0 264.0 
22.166666666666668 3.0 264.0 
22.166666666666668 3.0 264.0 
22.166666666666668 3.0 264.0 
22.166666666666668 3.0 264.0 
22.166666666666668 3.0 264.0 
22.166666666666668 3.0 264.0 
22.166666666666668 3.0 264.0 
22.166666666666668 3.0 264.0 
22.166666666666668 3.0 264.0 
22.166666666666668 3.0 264.0 
22.166666666666668 3.0 264.0 
22.166666666666668 3.0 264.0 
22.166666666666668 3.0 264.0 
22.166666666666668 3.0 264.0 
22.166666666666668 3.0 264.0 
22.166666666666668 3.0 264.0 
22.166666666666668 3.0 264.0 
22.166666666666668 3.0 264.0 
22.166666666666668 3.0 264.0 
22.166666666666668 3.0 264.0 
22.166666666666668 3.0 264.0 
22.166666666666668 3.0 264.0 
22.166666666666668 3.0 264.0 
22.166666666666668 3.0 264.0 
22.166666666666668 3.0 264.0 
22.166666666666668 3.0 264.0 
22.166666666666668 3.0 264.0 
22.166666666666668 3.0 264.0 
22.166666666666668 3.0 264.0 
22.166666666666668 3.0 264.0 
20.166666666666668 3.0 279.0 
21.166666666666668 3.0 276.0 
25.166666666666668 3.0 222.0 
24.166666666666668 3.0 225.0 
24.166666666666668 3.0 225.0 
20.166666666666668 3.0 279.0 
25.166666666666668 3.0 222.0 
21.166666666666668 3.0 276.0 
24.166666666666668 3.0 225.0 
25.166666666666668 3.0 222.0 
21.166666666666668 3.0 276.0 
20.166666666666668 3.0 279.0 
24.166666666666668 3.0 225.0 
25.166666666666668 3.0 222.0 
20.166666666666668 3.0 279.0 
21.166666666666668 3.0 276.0 
24.166666666666668 3.0 225.0 
21.166666666666668 3.0 276.0 
20.166666666666668 3.0 279.0 
25.166666666666668 3.0 222.0 
21.166666666666668 3.0 276.0 
24.166666666666668 3.0 225.0 
20.166666666666668 3.0 279.0 
25.166666666666668 3.0 222.0 
24.166666666666668 3.0 225.0 
20.166666666666668 3.0 279.0 
21.166666666666668 3.0 276.0 
25.166666666666668 3.0 222.0 
21.166666666666668 3.0 276.0 
25.166666666666668 3.0 222.0 
20.166666666666668 3.0 279.0 
24.166666666666668 3.0 225.0 
21.166666666666668 3.0 276.0 
20.166666666666668 3.0 279.0 
25.166666666666668 3.0 222.0 
24.166666666666668 3.0 225.0 
20.166666666666668 3.0 279.0 
21.166666666666668 3.0 276.0 
25.166666666666668 3.0 222.0 
24.166666666666668 3.0 225.0 
21.166666666666668 3.0 276.0 
24.166666666666668 3.0 225.0 
20.166666666666668 3.0 279.0 
25.166666666666668 3.0 222.0 
21.166666666666668 3.0 276.0 
20.166666666666668 3.0 279.0 
24.166666666666668 3.0 225.0 
25.166666666666668 3.0 222.0 
20.166666666666668 3.0 279.0 
21.166666666666668 3.0 276.0 
24.166666666666668 3.0 225.0 
25.166666666666668 3.0 222.0 
25.166666666666668 3.0 222.0 
21.166666666666668 3.0 276.0 
20.166666666666668 3.0 279.0 
24.166666666666668 3.0 225.0 
25.166666666666668 3.0 222.0 
24.166666666666668 3.0 225.0 
21.166666666666668 3.0 276.0 
20.166666666666668 3.0 279.0 
20.166666666666668 3.0 279.0 
21.166666666666668 3.0 276.0 
24.166666666666668 3.0 225.0 
25.166666666666668 3.0 222.0 
20.166666666666668 3.0 279.0 
21.166666666666668 3.0 276.0 
25.166666666666668 3.0 222.0 
24.166666666666668 3.0 225.0 
20.166666666666668 3.0 279.0 
24.166666666666668 3.0 225.0 
25.166666666666668 3.0 222.0 
21.166666666666668 3.0 276.0 
24.166666666666668 3.0 225.0 
21.166666666666668 3.0 276.0 
25.166666666666668 3.0 222.0 
20.166666666666668 3.0 279.0 
21.166666666666668 3.0 276.0 
20.166666666666668 3.0 279.0 
25.166666666666668 3.0 222.0 
24.166666666666668 3.0 225.0 
24.166666666666668 3.0 225.0 
20.166666666666668 3.0 279.0 
21.166666666666668 3.0 276.0 
25.166666666666668 3.0 222.0 
20.166666666666668 3.0 279.0 
25.166666666666668 3.0 222.0 
24.166666666666668 3.0 225.0 
21.166666666666668 3.0 276.0 
21.166666666666668 3.0 276.0 
20.166666666666668 3.0 279.0 
25.166666666666668 3.0 222.0 
24.166666666666668 3.0 225.0 
20.166666666666668 3.0 279.0 
21.166666666666668 3.0 276.0 
24.142857142857142 3.0 229.0 
24.142857142857142 3.0 229.0 
21.166666666666668 3.0 276.0 
20.166666666666668 3.0 279.0 
20.166666666666668 3.0 279.0 
21.166666666666668 3.0 276.0 
24.142857142857142 3.0 229.0 
21.166666666666668 3.0 276.0 
20.166666666666668 3.0 279.0 
24.142857142857142 3.0 229.0 
21.166666666666668 3.0 276.0 
20.166666666666668 3.0 279.0 
24.142857142857142 3.0 229.0 
24.142857142857142 3.0 229.0 
20.166666666666668 3.0 279.0 
21.166666666666668 3.0 276.0 
21.166666666666668 3.0 276.0 
24.142857142857142 3.0 229.0 
20.166666666666668 3.0 279.0 
20.166666666666668 3.0 279.0 
24.142857142857142 3.0 229.0 
21.166666666666668 3.0 276.0 
24.142857142857142 3.0 229.0 
21.166666666666668 3.0 276.0 
20.166666666666668 3.0 279.0 
24.142857142857142 3.0 229.0 
20.166666666666668 3.0 279.0 
21.166666666666668 3.0 276.0 
21.166666666666668 3.0 276.0 
20.166666666666668 3.0 279.0 
24.142857142857142 3.0 229.0 
20.166666666666668 3.0 279.0 
24.142857142857142 3.0 229.0 
21.166666666666668 3.0 276.0 
20.166666666666668 3.0 279.0 
24.142857142857142 3.0 229.0 
21.166666666666668 3.0 276.0 
20.166666666666668 3.0 279.0 
24.142857142857142 3.0 229.0 
21.166666666666668 3.0 276.0 
21.166666666666668 3.0 276.0 
20.166666666666668 3.0 279.0 
24.142857142857142 3.0 229.0 
20.166666666666668 3.0 279.0 
21.166666666666668 3.0 276.0 
24.142857142857142 3.0 229.0 
20.166666666666668 3.0 279.0 
21.166666666666668 3.0 276.0 
24.142857142857142 3.0 229.0 
24.142857142857142 3.0 229.0 
21.166666666666668 3.0 276.0 
20.166666666666668 3.0 279.0 
21.166666666666668 3.0 276.0 
20.166666666666668 3.0 279.0 
24.142857142857142 3.0 229.0 
21.166666666666668 3.0 276.0 
20.166666666666668 3.0 279.0 
24.142857142857142 3.0 229.0 
24.142857142857142 3.0 229.0 
20.166666666666668 3.0 279.0 
21.166666666666668 3.0 276.0 
24.142857142857142 3.0 229.0 
20.166666666666668 3.0 279.0 
21.166666666666668 3.0 276.0 
24.142857142857142 3.0 229.0 
20.166666666666668 3.0 279.0 
21.166666666666668 3.0 276.0 
20.166666666666668 3.0 279.0 
21.166666666666668 3.0 276.0 
21.166666666666668 3.0 276.0 
20.166666666666668 3.0 279.0 
21.166666666666668 3.0 276.0 
20.166666666666668 3.0 279.0 
21.166666666666668 3.0 276.0 
20.166666666666668 3.0 279.0 
21.166666666666668 3.0 276.0 
20.166666666666668 3.0 279.0 
21.166666666666668 3.0 276.0 
20.166666666666668 3.0 279.0 
21.166666666666668 3.0 276.0 
20.166666666666668 3.0 279.0 
20.166666666666668 3.0 279.0 
21.166666666666668 3.0 276.0 
21.166666666666668 3.0 276.0 
20.166666666666668 3.0 279.0 
21.166666666666668 3.0 276.0 
20.166666666666668 3.0 279.0 
20.166666666666668 3.0 279.0 
21.166666666666668 3.0 276.0 
20.166666666666668 3.0 279.0 
21.166666666666668 3.0 276.0 
21.166666666666668 3.0 276.0 
20.166666666666668 3.0 279.0 
21.166666666666668 3.0 276.0 
20.166666666666668 3.0 279.0 
21.166666666666668 3.0 276.0 
20.166666666666668 3.0 279.0 
20.166666666666668 3.0 279.0 
21.166666666666668 3.0 276.0 
21.166666666666668 3.0 276.0 
20.166666666666668 3.0 279.0 
21.166666666666668 3.0 276.0 
20.166666666666668 3.0 279.0 
20.166666666666668 3.0 279.0 
21.166666666666668 3.0 276.0 
21.166666666666668 3.0 276.0 
20.166666666666668 3.0 279.0 
20.166666666666668 3.0 279.0 
21.166666666666668 3.0 276.0 
20.166666666666668 3.0 279.0 
21.166666666666668 3.0 276.0 
21.166666666666668 3.0 276.0 
20.166666666666668 3.0 279.0 
20.166666666666668 3.0 279.0 
21.166666666666668 3.0 276.0 
20.166666666666668 3.0 279.0 
21.166666666666668 3.0 276.0 
21.166666666666668 3.0 276.0 
20.166666666666668 3.0 279.0 
21.166666666666668 3.0 276.0 
20.166666666666668 3.0 279.0 
20.166666666666668 3.0 279.0 
21.166666666666668 3.0 276.0 
21.166666666666668 3.0 276.0 
20.166666666666668 3.0 279.0 
20.166666666666668 3.0 279.0 
21.166666666666668 3.0 276.0 
21.166666666666668 3.0 276.0 
20.166666666666668 3.0 279.0 
21.166666666666668 3.0 276.0 
20.166666666666668 3.0 279.0 
21.166666666666668 3.0 276.0 
20.166666666666668 3.0 279.0 
20.166666666666668 3.0 279.0 
21.166666666666668 3.0 276.0 
20.166666666666668 3.0 279.0 
21.166666666666668 3.0 276.0 
21.166666666666668 3.0 276.0 
20.166666666666668 3.0 279.0 
21.166666666666668 3.0 276.0 
20.166666666666668 3.0 279.0 
20.166666666666668 3.0 279.0 
21.166666666666668 3.0 276.0 
20.166666666666668 3.0 279.0 
21.166666666666668 3.0 276.0 
21.166666666666668 3.0 276.0 
20.166666666666668 3.0 279.0 
21.166666666666668 3.0 276.0 
20.166666666666668 3.0 279.0 
21.166666666666668 3.0 276.0 
20.166666666666668 3.0 279.0 
21.166666666666668 3.0 276.0 
20.166666666666668 3.0 279.0 
20.166666666666668 3.0 279.0 
21.166666666666668 3.0 276.0 
21.166666666666668 3.0 276.0 
20.166666666666668 3.0 279.0 
20.166666666666668 3.0 279.0 
21.166666666666668 3.0 276.0 
